0   0.00314721
0.0113737   0.000809089
0.0227475   0.00042321
0.0341212   0.000283459
0.0454949   0.000212157
0.0568687   0.000169044
0.0682424   0.000140191
0.0796162   0.000119447
0.0909899   0.00010385
0.102364   9.19237e-05
0.113737   8.2309e-05
0.125111   7.44022e-05
0.136485   6.78152e-05
0.147859   6.22405e-05
0.159232   5.74618e-05
0.170606   5.33215e-05
0.18198   4.96993e-05
0.193354   4.6504e-05
0.204727   4.36643e-05
0.216101   4.11241e-05
0.227475   3.88398e-05
0.238848   3.67732e-05
0.250222   3.4895e-05
0.261596   3.31811e-05
0.27297   3.16105e-05
0.284343   3.01662e-05
0.295717   2.88336e-05
0.307091   2.7601e-05
0.318465   2.64568e-05
0.329838   2.53914e-05
0.341212   2.43983e-05
0.352586   2.34703e-05
0.36396   2.26007e-05
0.375333   2.1785e-05
0.386707   2.10155e-05
0.398081   2.02915e-05
0.409455   1.961e-05
0.420828   1.89657e-05
0.432202   1.83507e-05
0.443576   1.77733e-05
0.454949   1.72241e-05
0.466323   1.67007e-05
0.477697   1.62031e-05
0.489071   1.57293e-05
0.500444   1.52798e-05
0.511818   1.48485e-05
0.523192   1.44334e-05
0.534566   1.40371e-05
0.545939   1.36645e-05
0.557313   1.32978e-05
0.568687   1.2954e-05
0.580061   1.26218e-05
0.591434   1.23045e-05
0.602808   1.19972e-05
0.614182   1.16991e-05
0.625556   1.14151e-05
0.636929   1.11448e-05
0.648303   1.088e-05
0.659677   1.06287e-05
0.671051   1.03946e-05
0.682424   1.01511e-05
0.693798   9.90295e-06
0.705172   9.6768e-06
0.716545   9.46694e-06
0.727919   9.26574e-06
0.739293   9.06662e-06
0.750667   8.87047e-06
0.76204   8.68137e-06
0.773414   8.5033e-06
0.784788   8.3311e-06
0.796162   8.15238e-06
0.807535   7.98733e-06
0.818909   7.82635e-06
0.830283   7.67151e-06
0.841657   7.52385e-06
0.85303   7.37505e-06
0.864404   7.22084e-06
0.875778   7.0933e-06
0.887152   6.94938e-06
0.898525   6.81376e-06
0.909899   6.68632e-06
0.921273   6.56074e-06
0.932646   6.43748e-06
0.94402   6.31708e-06
0.955394   6.19956e-06
0.966768   6.08498e-06
0.978141   5.97333e-06
0.989515   5.86466e-06
1.00089   5.75899e-06
1.01226   5.65634e-06
1.02364   5.55673e-06
1.03501   5.46019e-06
1.04638   5.36674e-06
1.05776   5.27642e-06
1.06913   5.18923e-06
1.08051   5.1049e-06
1.09188   5.02281e-06
1.10325   4.94236e-06
1.11463   4.86282e-06
1.126   4.76283e-06
